7407045 0
4763924 -31596
5430590 -32746
6097257 31220
6763924 -32376
7430590 31560
8097257 -32376
4847998 31220
5514664 -32746
6181331 32290
6847998 -31596
7514664 32740
8181331 -31226
5730713 -29716
6397379 32370
7064046 32370
7730713 -29716
8397379 -31226
9064046 32740
5797937 31590
6464603 32290
7131270 -32746
7797937 31220
8464603 -32376
9131270 31370
6309190 -32376
6975856 31220
7642523 -32746
8309190 -32186
8975856 31590
9642523 32740
6370819 -31226
7037485 32370
7704152 -31566
8370819 32370
9037485 -31226
9704152 32740
7013174 -32296
7679840 31590
8346507 32290
9013174 -32746
9679840 31220
10346507 -32376
7078452 31560
7745118 -32376
8411785 31220
9078452 -32746
9745118 -31596
10411785 32180
7611275 32740
8277941 -31226
8944608 32370
9611275 -31376
10277941 32370
10944608 -31226
7673448 32740
8340114 -32296
9006781 -31596
9673448 -32746
10340114 31220
11006781 29710
8304706 -32376
8971372 -32376
9638039 29710
10304706 31220
10971372 -32746
11638039 -31596
8365522 -32296
9032188 32740
9698855 -31226
10365522 32370
11032188 -31566
11698855 32370
8877057 -31226
9543723 32740
10210390 31590
10877057 -31596
11543723 -32746
12210390 31220
8956932 -32376
9623598 31560
10290265 -32376
10956932 31220
11623598 -32746
12290265 32290
9691132 -31596
10357798 32740
11024465 -31226
11691132 -29716
12357798 32370
13024465 32370
9753850 -29716
10420516 -31226
11087183 32740
11753850 31590
12420516 32290
13087183 -32746
11309883 31220
11976549 -32376
12643216 31370
13309883 -32376
13976549 31220
14643216 -32746
11375429 -32186
12042095 31590
12708762 32740
13375429 -31226
14042095 32370
14708762 -31566
12574950 32370
13241616 -31226
13908283 32740
14574950 -32296
15241616 31590
15908283 32290
12636121 -32746
13302787 31220
13969454 -32376
14636121 31560
15302787 -32376
15969454 31220
13156726 -32746
13823392 -31596
14490059 32180
15156726 32740
15823392 -31226
16490059 32370
13219855 -31376
13886521 32370
14553188 -31226
15219855 32740
15886521 -32296
16553188 -31596
17848789 -32746
18515455 31220
19182122 29710
19848789 -32376
20515455 -32376
21182122 29710
17908424 31220
18575090 -32746
19241757 -31596
19908424 -32296
20575090 32740
21241757 -31226
18368642 32370
19035308 -31566
19701975 32370
20368642 -31226
21035308 32740
21701975 31590
18417032 0
238939790 0
239606457 -8306
236575180 -31596
237241846 -32746
237908513 31220
238575180 -32376
239241846 31560
239908513 -32376
236831108 31220
237497774 -32746
238164441 32290
238831108 -31596
239497774 32740
240164441 -31226
270604527 -29716
271271193 32370
271937860 32370
272604527 -29716
273271193 -31226
273937860 32740
271119491 31590
271786157 32290
272452824 -32746
273119491 31220
273786157 -32376
274452824 31560
271624345 -32376
272291011 31220
272957678 -32746
273624345 -32186
274291011 31590
274957678 32740
272064029 -31226
272730695 32370
273397362 -31566
274064029 32370
274730695 -31226
275397362 32740
272496888 -32296
273163554 31590
273830221 32290
274496888 -32746
275163554 31220
275830221 -32376
272919752 31560
273586418 -32376
274253085 31220
274919752 -32746
275586418 -31596
276253085 -32296
273446968 32740
274113634 -31226
274780301 32370
275446968 -31376
276113634 32370
276780301 -31226
273900474 32740
274567140 -32296
275233807 -31596
275900474 -32746
276567140 31220
277233807 -32376
301643089 31560
302309755 -32376
302976422 29710
303643089 31220
304309755 -32746
304976422 -31596
302404528 -32296
303071194 32740
303737861 -31226
304404528 32370
305071194 -31566
305737861 32370
305679884 -31226
306346550 32740
307013217 31590
307679884 -31596
308346550 -32746
309013217 31220
306110255 -32376
306776921 31560
307443588 -32376
308110255 31220
308776921 -32746
309443588 32290
310616338 -31596
311283004 32740
311949671 -31226
312616338 -29716
313283004 32370
313949671 32370
311145476 -29716
311812142 -31226
312478809 32740
313145476 31590
313812142 32290
314478809 -32746
311664668 31220
312331334 -32376
312998001 31560
313664668 -32376
314331334 31220
314998001 -32746
312332760 -32186
312999426 31590
313666093 32740
314332760 -31226
314999426 32370
315666093 -31566
334451672 32370
335118338 -31226
335785005 32740
336451672 -32296
337118338 31590
337785005 32290
334638504 -32746
335305170 31220
335971837 -32376
336638504 31560
337305170 -32376
337971837 31220
334787813 -32746
335454479 -31596
336121146 -32296
336787813 32740
337454479 -31226
338121146 32370
335293988 -31376
335960654 32370
336627321 -31226
337293988 32740
337960654 -32296
338627321 -31596
335543905 -32746
336210571 31220
336877238 -32376
337543905 31560
338210571 -32376
338877238 29710
335792907 31220
336459573 -32746
337126240 -31596
337792907 -32296
338459573 32740
339126240 -31226
336124540 32370
336791206 -31566
337457873 32370
338124540 -31226
338791206 32740
339457873 31590
336345810 0
1337120631 0
1337787298 -19106
1334780674 -32186
1335447340 -32746
1336114007 31220
1336780674 -32376
1337447340 31560
1338114007 -32376
1335193608 31220
1335860274 -32746
1336526941 32290
1337193608 -31596
1337860274 32740
1338526941 -31226
1366316426 -29716
1366983092 32370
1367649759 32370
1368316426 -29716
1368983092 -31226
1369649759 32740
1366452742 31590
1367119408 32290
1367786075 -32746
1368452742 31220
1369119408 -32376
1369786075 31560
1366566640 -32376
1367233306 31220
1367899973 -32746
1368566640 -31596
1369233306 31590
1369899973 32740
1366678488 -31226
1367345154 32370
1368011821 -31566
1368678488 32370
1369345154 -31226
1370011821 32740
1366830394 -32296
1367497060 31590
1368163727 -32746
1368830394 31220
1369497060 29710
1370163727 -32376
1366945122 31560
1367611788 -32376
1368278455 31220
1368945122 -32746
1369611788 -31596
1370278455 -32296
1367056099 32740
1367722765 -31226
1368389432 32370
1369056099 -31376
1369722765 32370
1370389432 -31226
1367170126 32740
1367836792 -32296
1368503459 -31596
1369170126 -32746
1369836792 31220
1370503459 -32376
1401004244 31560
1401670910 -32376
1402337577 31220
1403004244 -32746
1403670910 32290
1404337577 -31596
1401438818 -32296
1402105484 32740
1402772151 -31226
1403438818 32370
1404105484 -31566
1404772151 32370
1401656732 -31226
1402323398 32740
1402990065 31590
1403656732 -32186
1404323398 -32746
1404990065 31220
1401866505 -32376
1402533171 31560
1403199838 -32376
1403866505 31220
1404533171 -32746
1405199838 32290
1402129954 -31596
1402796620 32740
1403463287 -31226
1404129954 -29716
1404796620 32370
1405463287 32370
1402336380 -29716
1403003046 -31226
1403669713 32740
1404336380 31590
1405003046 32290
1405669713 -32746
1402548452 31220
1403215118 -32376
1403881785 31560
1404548452 -32376
1405215118 31220
1405881785 -32746
1402761427 -31596
1403428093 31590
1404094760 32740
1404761427 -31226
1405428093 32370
1406094760 -31566
1433859433 32370
1434526099 -31226
1435192766 32740
1435859433 -32296
1436526099 31590
1437192766 -32746
1434027225 31220
1434693891 29710
1435360558 -32376
1436027225 31560
1436693891 -32376
1437360558 31220
1434172319 -32746
1434838985 -31596
1435505652 -32296
1436172319 32740
1436838985 -31226
1437505652 32370
1434315055 -31376
1434981721 32370
1435648388 -31226
1436315055 32740
1436981721 -32296
1437648388 -31596
1434453268 -32746
1435119934 31220
1435786601 -32376
1436453268 31560
1437119934 -32376
1437786601 31220
1434742150 -32746
1435408816 32290
1436075483 -31596
1436742150 -32296
1437408816 32740
1438075483 -31226
1434882598 32370
1435549264 -31566
1436215931 32370
1436882598 -31226
1437549264 32740
1438215931 31590
1434989809 0
2436355723 0
2437022390 30680
2433831932 -32186
2434498598 -32746
2435165265 31220
2435831932 -32376
2436498598 31370
2437165265 -32376
2470023599 31220
2470690265 -32746
2471356932 32290
2472023599 31590
2472690265 32740
2473356932 -31226
2470276025 -29716
2470942691 32370
2471609358 32370
2472276025 -29716
2472942691 -31226
2473609358 32740
2470491496 31590
2471158162 32290
2471824829 -32746
2472491496 31220
2473158162 -32376
2473824829 31560
2470778442 -32376
2471445108 31220
2472111775 -32746
2472778442 -31596
2473445108 31590
2474111775 32740
2470988693 -31226
2471655359 32370
2472322026 -31566
2472988693 32370
2473655359 -31226
2474322026 32740
2471202860 -32296
2471869526 31590
2472536193 -32746
2473202860 31220
2473869526 29710
2474536193 -32376
2471435082 -32376
2472101748 29710
2472768415 31220
2473435082 -32746
2474101748 -31596
2474768415 -32296
2471691613 32740
2472358279 -31226
2473024946 32370
2473691613 -31376
2474358279 32370
2475024946 -31226
2471912509 32740
2472579175 32180
2473245842 -31596
2473912509 -32746
2474579175 31220
2475245842 -32376
2500132882 31560
2500799548 -32376
2501466215 31220
2502132882 -32746
2502799548 32290
2503466215 -31596
2500602256 -32296
2501268922 32740
2501935589 -31226
2502602256 32370
2503268922 -31566
2503935589 32370
2501112972 -31226
2501779638 32740
2502446305 31590
2503112972 -32186
2503779638 -32746
2504446305 31220
2501666821 -32376
2502333487 31370
2503000154 -32376
2503666821 31220
2504333487 -32746
2505000154 32290
2502293176 31590
2502959842 32740
2503626509 -31226
2504293176 -29716
2504959842 32370
2505626509 32370
2502977748 -29716
2503644414 -31226
2504311081 32740
2504977748 31590
2505644414 32290
2506311081 -32746
2503419201 31220
2504085867 -32376
2504752534 31560
2505419201 -32376
2506085867 31220
2506752534 -32746
2503897112 -31596
2504563778 31590
2505230445 32740
2505897112 -31226
2506563778 32370
2507230445 -31566
2532717635 32370
2533384301 -31226
2534050968 32740
2534717635 -32296
2535384301 31590
2536050968 -32746
2532955449 31220
2533622115 29710
2534288782 -32376
2534955449 -32376
2535622115 29710
2536288782 31220
2533248320 -32746
2533914986 -31596
2534581653 -32296
2535248320 32740
2535914986 -31226
2536581653 32370
2533474021 -31376
2534140687 32370
2534807354 -31226
2535474021 32740
2536140687 32180
2536807354 -31596
2533687836 -32746
2534354502 31220
2535021169 -32376
2535687836 31560
2536354502 -32376
2537021169 31220
2533905162 -32746
2534571828 32290
2535238495 -31596
2535905162 -32296
2536571828 32740
2537238495 -31226
2534157755 32370
2534824421 -31566
2535491088 32370
2536157755 -31226
2536824421 32740
2537491088 31590
2534357283 0
3534548358 0
3535215025 30680
3531926530 -32186
3532593196 -32746
3533259863 31220
3533926530 -32376
3534593196 31370
3535259863 -32376
3564829206 31220
3565495872 -32746
3566162539 32290
3566829206 31590
3567495872 32740
3568162539 -31226
3564935307 -29716
3565601973 32370
3566268640 32370
3566935307 -29716
3567601973 -31226
3568268640 32740
3565025801 31590
3565692467 32290
3566359134 -32746
3567025801 31220
3567692467 -32376
3568359134 31560
3565115200 -32376
3565781866 31220
3566448533 -32746
3567115200 -31596
3567781866 31590
3568448533 32740
3565203071 -31226
3565869737 32370
3566536404 -31566
3567203071 32370
3567869737 -31226
3568536404 32740
3565338144 -32296
3566004810 31590
3566671477 -32746
3567338144 31220
3568004810 29710
3568671477 -32376
3565432499 -32376
3566099165 29710
3566765832 31220
3567432499 -32746
3568099165 -31596
3568765832 -32296
3565520736 32740
3566187402 -31226
3566854069 32370
3567520736 -31376
3568187402 32370
3568854069 -31226
3565610580 32740
3566277246 32180
3566943913 -31596
3567610580 -32746
3568277246 31220
3568943913 -32376
3598930303 31560
3599596969 -32376
3600263636 31220
3600930303 -32746
3601596969 32290
3602263636 -31596
3599053853 -32296
3599720519 32740
3600387186 -31226
3601053853 32370
3601720519 -31566
3602387186 32370
3599150115 -31226
3599816781 32740
3600483448 31590
3601150115 -32186
3601816781 -32746
3602483448 31220
3599244045 -32376
3599910711 31370
3600577378 -32376
3601244045 31220
3601910711 -32746
3602577378 32290
3599337996 31590
3600004662 32740
3600671329 -31226
3601337996 -29716
3602004662 32370
3602671329 32370
3599466352 -29716
3600133018 -31226
3600799685 32740
3601466352 31590
3602133018 32290
3602799685 -32746
3599561461 31220
3600228127 -32376
3600894794 31560
3601561461 -32376
3602228127 31220
3602894794 -32746
3599656580 -31596
3600323246 31590
3600989913 32740
3601656580 -31226
3602323246 32370
3602989913 -31566
3632061690 32370
3632728356 -31226
3633395023 32740
3634061690 -32296
3634728356 31590
3635395023 -32746
3632114816 31220
3632781482 29710
3633448149 -32376
3634114816 -32376
3634781482 29710
3635448149 31220
3632153333 -32746
3632819999 -31596
3633486666 -32296
3634153333 32740
3634819999 -31226
3635486666 32370
3632196433 -31376
3632863099 32370
3633529766 -31226
3634196433 32740
3634863099 32180
3635529766 -31596
3632262726 -32746
3632929392 31220
3633596059 -32376
3634262726 31560
3634929392 -32376
3635596059 31220
3632300017 -32746
3632966683 32290
3633633350 -31596
3634300017 -32296
3634966683 32740
3635633350 -31226
3632336072 32370
3633002738 -31566
3633669405 32370
3634336072 -31226
3635002738 32740
3635669405 31590
3632364785 0
4635386002 0
4636052669 30680
4632940106 32290
4633606772 -32746
4634273439 31220
4634940106 -32376
4635606772 31370
4636273439 -32376
4667178626 31220
4667845292 -32746
4668511959 32290
4669178626 31590
4669845292 32740
4670511959 -31226
4667428385 32370
4668095051 -31566
4668761718 32370
4669428385 -29716
4670095051 -31226
4670761718 32740
4667708229 31590
4668374895 32290
4669041562 -32746
4669708229 31220
4670374895 -32376
4671041562 31560
4667920756 -32376
4668587422 31220
4669254089 -32746
4669920756 -31596
4670587422 31590
4671254089 32740
4668129393 -31226
4668796059 32370
4669462726 -31566
4670129393 32370
4670796059 -31226
4671462726 32740
4668341974 -32296
4669008640 31590
4669675307 -32746
4670341974 31220
4671008640 29710
4671675307 -32376
4668612539 -32376
4669279205 29710
4669945872 31220
4670612539 -32746
4671279205 -31596
4671945872 -32296
4668839199 32740
4669505865 -31226
4670172532 32370
4670839199 -31566
4671505865 32370
4672172532 -31226
4698466920 32740
4699133586 32180
4699800253 -31596
4700466920 -32746
4701133586 31220
4701800253 -32376
4698720782 31560
4699387448 -32376
4700054115 31220
4700720782 -32746
4701387448 32290
4702054115 -31596
4698934010 -32296
4699600676 32740
4700267343 -31226
4700934010 32370
4701600676 -31566
4702267343 32370
4699190821 -31226
4699857487 32740
4700524154 31590
4701190821 32290
4701857487 -32746
4702524154 31220
4699405493 -32376
4700072159 31370
4700738826 -32376
4701405493 31220
4702072159 -32746
4702738826 32290
4699616225 31590
4700282891 32740
4700949558 -31226
4701616225 32370
4702282891 -31566
4702949558 32370
4699825938 -29716
4700492604 -31226
4701159271 32740
4701825938 31590
4702492604 32290
4703159271 -32746
4700032485 31220
4700699151 -32376
4701365818 31560
4702032485 -32376
4702699151 31220
4703365818 -32746
4700315284 -31596
4700981950 31590
4701648617 32740
4702315284 -31226
4702981950 32370
4703648617 -31566
4731778975 32370
4732445641 -31226
4733112308 32740
4733778975 -32296
4734445641 31590
4735112308 -32746
4732157636 31220
4732824302 29710
4733490969 -32376
4734157636 -32376
4734824302 29710
4735490969 31220
4732376651 -32746
4733043317 -31596
4733709984 -32296
4734376651 32740
4735043317 -31226
4735709984 32370
4732590424 -31566
4733257090 32370
4733923757 -31226
4734590424 32740
4735257090 32180
4735923757 -31596
4732841595 -32746
4733508261 31220
4734174928 -32376
4734841595 31560
4735508261 -32376
4736174928 31220
4733058561 -32746
4733725227 32290
4734391894 -31596
4735058561 -32296
4735725227 32740
4736391894 -31226
4733264332 32370
4733930998 -31566
4734597665 32370
4735264332 -31226
4735930998 32740
4736597665 31590
4736317943 0
5736000059 0
5736666726 30680
5733893844 32290
5734560510 -32746
5735227177 31220
5735893844 -32376
5736560510 31370
5737227177 -32376
5764532330 31220
5765198996 -32746
5765865663 32290
5766532330 31590
5767198996 32740
5767865663 -31226
5766098544 32370
5766765210 -31566
5767431877 32370
5768098544 -31226
5768765210 32740
5769431877 -32296
5766528665 31590
5767195331 32290
5767861998 -32746
5768528665 31220
5769195331 -32376
5769861998 31560
5769587058 -32376
5770253724 31220
5770920391 -32746
5771587058 -31596
5772253724 32180
5772920391 32740
5770108154 -31226
5770774820 32370
5771441487 -31566
5772108154 32370
5772774820 -31226
5773441487 32740
5770533675 -32296
5771200341 31590
5771867008 -32746
5772533675 31220
5773200341 29710
5773867008 -32376
5771043229 -32376
5771709895 29710
5772376562 31220
5773043229 -32746
5773709895 -31596
5774376562 -32296
5771459732 32740
5772126398 -31226
5772793065 32370
5773459732 -31566
5774126398 32370
5774793065 -31226
5798704963 32740
5799371629 31590
5800038296 -31596
5800704963 -32746
5801371629 31220
5802038296 -32376
5799170827 31560
5799837493 -32376
5800504160 31220
5801170827 -32746
5801837493 32290
5802504160 -31596
5799671191 32740
5800337857 -31226
5801004524 -29716
5801671191 32370
5802337857 -31566
5803004524 32370
5800100735 -31226
5800767401 32740
5801434068 31590
5802100735 32290
5802767401 -32746
5803434068 31220
5800598726 -32376
5801265392 31370
5801932059 -32376
5802598726 31220
5803265392 -32746
5803932059 32290
5801144636 31590
5801811302 32740
5802477969 -31226
5803144636 32370
5803811302 -31566
5804477969 32370
5801709887 -31226
5802376553 32740
5803043220 -32296
5803709887 31590
5804376553 32290
5805043220 -32746
5802141474 31220
5802808140 -32376
5803474807 31560
5804141474 -32376
5804808140 31220
5805474807 -32746
5802651793 -31596
5803318459 32180
5803985126 32740
5804651793 -31226
5805318459 32370
5805985126 -31566
5831172030 32370
5831838696 -31226
5832505363 32740
5833172030 -32296
5833838696 31590
5834505363 -32746
5831726737 31220
5832393403 29710
5833060070 -32376
5833726737 -32376
5834393403 29710
5835060070 31220
5832155404 -32746
5832822070 -31596
5833488737 -32296
5834155404 32740
5834822070 -31226
5835488737 32370
5832673831 -31566
5833340497 32370
5834007164 -31226
5834673831 32740
5835340497 31590
5836007164 -31596
5833086431 -32746
5833753097 31220
5834419764 -32376
5835086431 31560
5835753097 -32376
5836419764 31220
5833698167 -32746
5834364833 32290
5835031500 -31596
5835698167 32740
5836364833 -31226
5837031500 -29716
5834109484 32370
5834776150 -31566
5835442817 32370
5836109484 -31226
5836776150 32740
5837442817 31590
5834561159 0
6833576077 0
6834242744 30680
6831099010 32290
6831765676 -32746
6832432343 31220
6833099010 -32376
6833765676 31370
6834432343 -32376
6863517629 31220
6864184295 -32746
6864850962 -32186
6865517629 31590
6866184295 32740
6866850962 -31226
6863628912 32370
6864295578 -31566
6864962245 32370
6865628912 -31226
6866295578 32740
6866962245 -32296
6863715262 31590
6864381928 32290
6865048595 -32746
6865715262 31220
6866381928 -32376
6867048595 31560
6863800823 -32376
6864467489 31220
6865134156 -32746
6865800823 -31596
6866467489 32180
6867134156 32740
6863884499 -31226
6864551165 32370
6865217832 -31376
6865884499 32370
6866551165 -31226
6867217832 32740
6863970150 -32296
6864636816 -31596
6865303483 -32746
6865970150 31220
6866636816 29710
6867303483 -32376
6864086717 -32376
6864753383 29710
6865420050 31220
6866086717 -32746
6866753383 -31596
6867420050 -32296
6864172343 32740
6864839009 -31226
6865505676 32370
6866172343 -31566
6866839009 32370
6867505676 -31226
6896660585 32740
6897327251 31590
6897993918 -31596
6898660585 -32746
6899327251 31220
6899993918 -32376
6896764732 31560
6897431398 -32376
6898098065 31220
6898764732 -32746
6899431398 32290
6900098065 -31596
6896849753 32740
6897516419 -31226
6898183086 -29716
6898849753 32370
6899516419 32370
6900183086 -29716
6896935040 -31226
6897601706 32740
6898268373 31590
6898935040 32290
6899601706 -32746
6900268373 31220
6897018383 -32376
6897685049 31370
6898351716 -32376
6899018383 31220
6899685049 -32746
6900351716 -32186
6897102875 31590
6897769541 32740
6898436208 -31226
6899102875 32370
6899769541 -31566
6900436208 32370
6897238541 -31226
6897905207 32740
6898571874 -32296
6899238541 31590
6899905207 32290
6900571874 -32746
6897328901 31220
6897995567 -32376
6898662234 31560
6899328901 -32376
6899995567 31220
6900662234 -32746
6929942977 -31596
6930609643 32180
6931276310 32740
6931942977 -31226
6932609643 32370
6933276310 -31376
6930075670 32370
6930742336 -31226
6931409003 32740
6932075670 -32296
6932742336 -31596
6933409003 -32746
6930175425 31220
6930842091 29710
6931508758 -32376
6932175425 -32376
6932842091 29710
6933508758 31220
6930276267 -32746
6930942933 -31596
6931609600 -32296
6932276267 32740
6932942933 -31226
6933609600 32370
6930412336 -31566
6931079002 32370
6931745669 -31226
6932412336 32740
6933079002 31590
6933745669 -31596
6930513840 -32746
6931180506 31220
6931847173 -32376
6932513840 31560
6933180506 -32376
6933847173 31220
6930625366 -32746
6931292032 32290
6931958699 -31596
6932625366 32740
6933292032 -31226
6933958699 -29716
6930722819 32370
6931389485 32370
6932056152 -29716
6932722819 -31226
6933389485 32740
6934056152 31590
6930800363 0
7931733378 0
7932400045 30680
7929128294 32290
7929794960 -32746
7930461627 31220
7931128294 -32376
7931794960 31370
7932461627 -32376
7962743363 31220
7963410029 -32746
7964076696 -32186
7964743363 31590
7965410029 32740
7966076696 -31226
7962911276 32370
7963577942 -31566
7964244609 32370
7964911276 -31226
7965577942 32740
7966244609 -32296
7963045129 31590
7963711795 32290
7964378462 -32746
7965045129 31220
7965711795 -32376
7966378462 31560
7963175819 -32376
7963842485 31220
7964509152 -32746
7965175819 -31596
7965842485 32180
7966509152 32740
7963304403 -31226
7963971069 32370
7964637736 -31376
7965304403 32370
7965971069 -31226
7966637736 32740
7963435115 -32296
7964101781 -31596
7964768448 -32746
7965435115 31220
7966101781 29710
7966768448 -32376
7963564383 -32376
7964231049 29710
7964897716 31220
7965564383 -32746
7966231049 -31596
7966897716 -32296
7963736966 32740
7964403632 -31226
7965070299 32370
7965736966 -31566
7966403632 32370
7967070299 -31226
7996022166 32740
7996688832 31590
7997355499 -31596
7998022166 -32746
7998688832 31220
7999355499 -32376
7996177553 31560
7996844219 -32376
7997510886 31220
7998177553 -32746
7998844219 32290
7999510886 -31596
7996308423 32740
7996975089 -31226
7997641756 -29716
7998308423 32370
7998975089 32370
7999641756 -29716
7996438650 -31226
7997105316 32740
7997771983 31590
7998438650 32290
7999105316 -32746
7999771983 31220
7996566697 -32376
7997233363 31370
7997900030 -32376
7998566697 31220
7999233363 -32746
7999900030 -32186
7996695644 31590
7997362310 32740
7998028977 -31226
7998695644 32370
7999362310 -31566
8000028977 32370
7996863625 -31226
7997530291 32740
7998196958 -32296
7998863625 31590
7999530291 32290
8000196958 -32746
7996996924 31220
7997663590 -32376
7998330257 31560
7998996924 -32376
7999663590 31220
8000330257 -32746
8029449553 -31596
8030116219 32180
8030782886 32740
8031449553 -31226
8032116219 32370
8032782886 -31376
8029537985 32370
8030204651 -31226
8030871318 32740
8031537985 -32296
8032204651 -31596
8032871318 -32746
8029603168 31220
8030269834 29710
8030936501 -32376
8031603168 -32376
8032269834 29710
8032936501 31220
8029669212 -32746
8030335878 -31596
8031002545 -32296
8031669212 32740
8032335878 -31226
8033002545 32370
8029734651 -31566
8030401317 32370
8031067984 -31226
8031734651 32740
8032401317 31590
8033067984 -31596
8029798752 -32746
8030465418 31220
8031132085 -32376
8031798752 31560
8032465418 -32376
8033132085 31220
8029863272 -32746
8030529938 32290
8031196605 -31596
8031863272 32740
8032529938 -31226
8033196605 -29716
8029926373 32370
8030593039 32370
8031259706 -29716
8031926373 -31226
8032593039 32740
8033259706 31590
8030000418 0
9032681340 0
9033348007 -31596
9062784316 32290
9063450982 -32746
9064117649 31220
9064784316 -32376
9065450982 31560
9066117649 -32376
9063113310 31220
9063779976 -32746
9064446643 -32186
9065113310 31590
9065779976 32740
9066446643 -31226
9063332657 32370
9063999323 -31566
9064665990 32370
9065332657 -31226
9065999323 32740
9066665990 -32296
9063551509 31590
9064218175 32290
9064884842 -32746
9065551509 31220
9066218175 -32376
9066884842 31560
9063769166 -32376
9064435832 31220
9065102499 -32746
9065769166 -31596
9066435832 -32296
9067102499 32740
9064036543 -31226
9064703209 32370
9065369876 -31376
9066036543 32370
9066703209 -31226
9067369876 32740
9064257839 -32296
9064924505 -31596
9065591172 -32746
9066257839 31220
9066924505 -32376
9067591172 31560
9064477349 -32376
9065144015 29710
9065810682 31220
9066477349 -32746
9067144015 -31596
9067810682 -32296
9064695547 32740
9065362213 -31226
9066028880 32370
9066695547 -31566
9067362213 32370
9068028880 -31226
9095670756 32740
9096337422 31590
9097004089 -31596
9097670756 -32746
9098337422 31220
9099004089 -32376
9097294874 31560
9097961540 -32376
9098628207 31220
9099294874 -32746
9099961540 32290
9100628207 -31596
9098034433 32740
9098701099 -31226
9099367766 -29716
9100034433 32370
9100701099 32370
9101367766 -29716
9098688377 -31226
9099355043 32740
9100021710 31590
9100688377 32290
9101355043 -32746
9102021710 31220
9099147802 -32376
9099814468 31560
9100481135 -32376
9101147802 31220
9101814468 -32746
9102481135 -32186
9100769581 31590
9101436247 32740
9102102914 -31226
9102769581 32370
9103436247 -31566
9104102914 32370
9101320085 -31226
9101986751 32740
9102653418 -32296
9103320085 31590
9103986751 32290
9104653418 -32746
9102604685 31220
9103271351 -32376
9103938018 31560
9104604685 -32376
9105271351 31220
9105938018 -32746
9129370037 -31596
9130036703 -32296
9130703370 32740
9131370037 -31226
9132036703 32370
9132703370 -31376
9129831718 32370
9130498384 -31226
9131165051 32740
9131831718 -32296
9132498384 -31596
9133165051 -32746
9130350844 31220
9131017510 -32376
9131684177 31560
9132350844 -32376
9133017510 29710
9133684177 31220
9130803504 -32746
9131470170 -31596
9132136837 -32296
9132803504 32740
9133470170 -31226
9134136837 32370
9131272172 -31566
9131938838 32370
9132605505 -31226
9133272172 32740
9133938838 31590
9134605505 -31596
9131771158 -32746
9132437824 31220
9133104491 -32376
9133771158 31560
9134437824 -32376
9135104491 31220
